# unix_time, cycles_done, cur_path, paths_total, pending_total, pending_favs, map_size, unique_crashes, unique_hangs, max_depth, execs_per_sec
1569276434, 0, 0, 3, 3, 2, 0.20%, 0, 0, 1, 16.97
1569276439, 0, 0, 9, 9, 2, 0.20%, 0, 0, 2, 18.27
1569276444, 0, 0, 16, 16, 2, 0.21%, 0, 0, 2, 18.98
1569276449, 0, 0, 20, 20, 2, 0.21%, 0, 0, 2, 19.01
1569276454, 0, 0, 24, 24, 2, 0.22%, 0, 0, 2, 19.36
1569276459, 0, 0, 27, 27, 2, 0.22%, 0, 0, 2, 19.60
1569276469, 0, 0, 29, 29, 2, 0.22%, 0, 0, 2, 19.53
1569276474, 0, 0, 30, 30, 2, 0.22%, 0, 0, 2, 17.97
1569276480, 0, 0, 31, 31, 2, 0.22%, 0, 0, 2, 17.22
1569276485, 0, 0, 32, 32, 2, 0.22%, 0, 0, 2, 17.84
1569276495, 0, 0, 33, 33, 2, 0.22%, 0, 0, 2, 18.17
1569276531, 0, 0, 34, 34, 2, 0.22%, 0, 0, 2, 18.27
1569276536, 0, 0, 35, 35, 2, 0.22%, 0, 0, 2, 18.22
1569276582, 0, 0, 36, 36, 2, 0.22%, 0, 0, 2, 18.01
1569276592, 0, 0, 38, 38, 2, 0.22%, 0, 0, 2, 17.81
1569276597, 0, 0, 40, 40, 2, 0.22%, 0, 0, 2, 18.28
1569276914, 0, 0, 42, 42, 2, 0.22%, 0, 0, 2, 19.73
1569277338, 0, 0, 48, 48, 2, 0.24%, 0, 0, 2, 19.46
1569277343, 0, 0, 58, 58, 2, 0.24%, 0, 0, 2, 19.49
1569277349, 0, 0, 67, 67, 2, 0.24%, 0, 0, 2, 19.54
1569277354, 0, 0, 77, 77, 2, 0.24%, 1, 0, 2, 19.63
1569277359, 0, 0, 82, 82, 2, 0.25%, 1, 0, 2, 19.58
1569277364, 0, 0, 89, 89, 2, 0.25%, 1, 0, 2, 19.62
1569277369, 0, 0, 93, 93, 2, 0.25%, 1, 0, 2, 19.68
1569277374, 0, 0, 97, 97, 2, 0.25%, 1, 0, 2, 19.52
1569277379, 0, 0, 98, 98, 2, 0.25%, 1, 0, 2, 19.71
1569277384, 0, 0, 99, 99, 2, 0.25%, 1, 0, 2, 18.28
1569277389, 0, 0, 102, 102, 2, 0.25%, 2, 0, 2, 19.75
1569277395, 0, 0, 103, 103, 2, 0.25%, 2, 0, 2, 20.11
1569277411, 0, 0, 104, 104, 2, 0.25%, 2, 0, 2, 0.55
1569277421, 0, 0, 104, 104, 2, 0.25%, 3, 0, 2, 9.75
1569277426, 0, 0, 104, 104, 2, 0.25%, 4, 0, 2, 14.87
1569277431, 0, 0, 108, 108, 2, 0.25%, 4, 0, 2, 20.02
1569277436, 0, 0, 109, 109, 2, 0.25%, 4, 0, 2, 21.84
1569277452, 0, 0, 110, 110, 2, 0.25%, 4, 0, 2, 20.03
1569277999, 0, 0, 110, 110, 2, 0.25%, 5, 0, 2, 12.91
1569278009, 0, 0, 111, 111, 2, 0.25%, 5, 0, 2, 15.27
1569278014, 0, 0, 112, 112, 2, 0.25%, 5, 0, 2, 21.47
1569278029, 0, 0, 112, 112, 2, 0.25%, 6, 0, 2, 22.39
1569278034, 0, 0, 113, 113, 2, 0.25%, 6, 0, 2, 22.57
1569278039, 0, 0, 113, 113, 2, 0.25%, 7, 0, 2, 22.70
1569279478, 0, 35, 113, 112, 9, 0.25%, 7, 0, 2, 14.70
1569280499, 0, 42, 113, 111, 9, 0.25%, 7, 0, 2, 18.70
1569281277, 0, 49, 113, 110, 8, 0.25%, 7, 0, 2, 20.15
1569281287, 0, 54, 113, 109, 7, 0.25%, 7, 0, 2, 20.83
1569281303, 0, 63, 113, 108, 6, 0.25%, 7, 0, 2, 21.10
1569281318, 0, 68, 113, 107, 5, 0.25%, 7, 0, 2, 21.13
1569281957, 0, 77, 113, 106, 4, 0.25%, 7, 0, 2, 21.16
1569282528, 0, 88, 113, 105, 3, 0.25%, 7, 0, 2, 21.11
1569283482, 0, 88, 113, 105, 3, 0.25%, 8, 0, 2, 21.32
1569283487, 0, 90, 113, 104, 2, 0.25%, 8, 0, 2, 21.16
1569284042, 0, 90, 114, 105, 2, 0.25%, 8, 0, 3, 21.04
1569284053, 0, 96, 114, 104, 1, 0.25%, 8, 0, 3, 20.98
1569284104, 0, 111, 114, 103, 0, 0.25%, 8, 0, 3, 20.52
1569284156, 0, 111, 115, 104, 0, 0.25%, 8, 0, 3, 20.03
1569285684, 0, 111, 116, 105, 0, 0.25%, 8, 0, 3, 17.55
1569285694, 0, 111, 117, 106, 0, 0.25%, 8, 0, 3, 17.35
1569285704, 0, 111, 118, 107, 0, 0.25%, 8, 0, 3, 17.92
1569285710, 0, 111, 119, 108, 0, 0.25%, 8, 0, 3, 17.82
1569285725, 0, 111, 120, 109, 0, 0.25%, 8, 0, 3, 18.78
1569285751, 0, 111, 121, 110, 0, 0.25%, 8, 0, 3, 17.72
1569285761, 0, 111, 122, 111, 0, 0.25%, 8, 0, 3, 17.56
1569285868, 0, 119, 122, 110, 0, 0.25%, 8, 0, 3, 19.32
1569287807, 0, 119, 122, 110, 0, 0.25%, 9, 0, 3, 17.90
1569287812, 1, 1, 122, 109, 0, 0.25%, 10, 0, 3, 18.08
1569288543, 1, 1, 123, 110, 0, 0.25%, 10, 0, 3, 17.40
1569307522, 1, 3, 123, 109, 0, 0.25%, 10, 0, 3, 7.23
1569311651, 1, 7, 123, 108, 0, 0.25%, 10, 0, 3, 22.11
1569314561, 1, 14, 123, 107, 0, 0.25%, 10, 0, 3, 21.05
1569318555, 1, 14, 125, 109, 0, 0.25%, 10, 0, 3, 20.95
1569318560, 1, 14, 127, 111, 0, 0.25%, 10, 0, 3, 20.96
1569318571, 1, 14, 128, 112, 0, 0.25%, 10, 0, 3, 20.99
1569318586, 1, 14, 129, 113, 0, 0.25%, 10, 0, 3, 20.86
1569318611, 1, 14, 130, 114, 0, 0.25%, 10, 0, 3, 20.87
1569318632, 1, 14, 130, 114, 0, 0.25%, 11, 0, 3, 21.14
1569318683, 1, 14, 131, 115, 0, 0.25%, 11, 0, 3, 20.86
1569318714, 1, 16, 131, 114, 0, 0.25%, 11, 0, 3, 20.66
1569323096, 1, 17, 131, 113, 0, 0.25%, 11, 0, 3, 19.12
