# unix_time, cycles_done, cur_path, paths_total, pending_total, pending_favs, map_size, unique_crashes, unique_hangs, max_depth, execs_per_sec
1569564518, 0, 0, 7, 7, 3, 0.23%, 0, 0, 1, 15.93
1569564524, 0, 2, 7, 7, 3, 0.23%, 0, 0, 1, 19.14
1569564534, 0, 2, 16, 16, 3, 0.23%, 0, 0, 2, 19.62
1569564539, 0, 2, 20, 20, 3, 0.23%, 0, 0, 2, 19.88
1569564544, 0, 2, 23, 23, 3, 0.23%, 0, 0, 2, 19.84
1569564580, 0, 2, 24, 24, 3, 0.23%, 0, 0, 2, 18.32
1569564595, 0, 2, 26, 26, 3, 0.23%, 0, 0, 2, 19.96
1569564605, 0, 2, 29, 29, 3, 0.23%, 0, 0, 2, 19.95
1569564667, 0, 2, 31, 31, 3, 0.23%, 0, 0, 2, 17.23
1569564687, 0, 2, 32, 32, 3, 0.23%, 0, 0, 2, 17.40
1569564734, 0, 2, 34, 34, 3, 0.23%, 0, 0, 2, 16.73
1569564878, 0, 2, 36, 36, 3, 0.23%, 0, 0, 2, 16.15
1569565180, 0, 2, 38, 38, 3, 0.23%, 0, 0, 2, 17.16
1569565201, 0, 2, 39, 39, 3, 0.23%, 0, 0, 2, 18.55
1569565206, 0, 2, 40, 40, 3, 0.23%, 0, 0, 2, 14.20
1569565211, 0, 2, 42, 42, 3, 0.23%, 0, 0, 2, 17.67
1569565227, 0, 2, 43, 43, 3, 0.23%, 0, 0, 2, 17.06
1569565232, 0, 2, 44, 44, 3, 0.23%, 0, 0, 2, 16.45
1569570443, 0, 2, 45, 45, 3, 0.23%, 0, 0, 2, 20.32
1569570909, 0, 2, 47, 47, 3, 0.23%, 0, 0, 2, 19.29
1569570945, 0, 2, 48, 48, 3, 0.23%, 0, 0, 2, 19.79
1569571410, 0, 2, 49, 49, 3, 0.23%, 0, 0, 2, 19.47
1569572894, 0, 2, 50, 50, 3, 0.23%, 0, 0, 2, 15.86
1569573181, 0, 2, 51, 51, 3, 0.23%, 0, 0, 2, 15.73
1569573283, 0, 2, 52, 52, 3, 0.23%, 0, 0, 2, 15.93
1569573299, 0, 2, 56, 56, 3, 0.23%, 0, 0, 2, 15.74
1569573304, 0, 2, 63, 63, 3, 0.23%, 0, 0, 2, 15.84
1569573309, 0, 2, 68, 68, 3, 0.23%, 0, 0, 2, 12.81
1569573314, 0, 2, 73, 73, 3, 0.23%, 0, 0, 2, 14.10
1569573319, 0, 2, 80, 80, 3, 0.23%, 0, 0, 2, 15.01
1569573324, 0, 2, 85, 85, 3, 0.23%, 0, 0, 2, 15.58
1569573329, 0, 2, 89, 89, 3, 0.23%, 0, 0, 2, 15.55
1569573335, 0, 2, 92, 92, 3, 0.23%, 1, 0, 2, 15.78
1569573340, 0, 2, 95, 95, 3, 0.23%, 2, 0, 2, 15.75
1569573345, 0, 2, 98, 98, 3, 0.23%, 3, 0, 2, 15.93
1569573350, 0, 2, 100, 100, 3, 0.23%, 3, 0, 2, 15.78
1569573355, 0, 2, 102, 102, 3, 0.24%, 4, 0, 2, 16.51
1569573360, 0, 2, 103, 103, 3, 0.24%, 4, 0, 2, 16.24
1569573365, 0, 2, 104, 104, 3, 0.24%, 4, 0, 2, 15.79
1569573370, 0, 2, 105, 105, 3, 0.24%, 4, 0, 2, 15.60
1569573375, 0, 2, 106, 106, 3, 0.24%, 4, 0, 2, 15.36
1569573391, 0, 2, 109, 109, 3, 0.24%, 5, 0, 2, 15.92
1569573396, 0, 2, 110, 110, 3, 0.24%, 5, 0, 2, 15.90
1569573401, 0, 2, 111, 111, 3, 0.24%, 5, 0, 2, 15.84
1569573406, 0, 2, 112, 112, 3, 0.24%, 5, 0, 2, 15.89
1569573411, 0, 2, 114, 114, 3, 0.24%, 5, 0, 2, 15.92
1569573416, 0, 2, 115, 115, 3, 0.24%, 6, 0, 2, 15.12
1569573427, 0, 2, 116, 116, 3, 0.24%, 6, 0, 2, 15.26
1569573437, 0, 2, 117, 117, 3, 0.24%, 6, 0, 2, 14.95
1569573447, 0, 2, 118, 118, 3, 0.24%, 6, 0, 2, 15.79
1569573452, 0, 2, 119, 119, 3, 0.24%, 6, 0, 2, 15.92
1569573462, 0, 2, 120, 120, 3, 0.24%, 6, 0, 2, 15.82
1569573468, 0, 2, 121, 121, 3, 0.24%, 6, 0, 2, 16.26
1569573478, 0, 2, 122, 122, 3, 0.24%, 6, 0, 2, 16.05
1569573483, 0, 2, 123, 123, 3, 0.24%, 6, 0, 2, 15.79
1569573488, 0, 2, 124, 124, 3, 0.24%, 6, 0, 2, 16.00
1569573513, 0, 2, 125, 125, 3, 0.24%, 6, 0, 2, 16.83
1569573529, 0, 2, 126, 126, 3, 0.24%, 6, 0, 2, 15.62
1569573544, 0, 74, 126, 125, 5, 0.24%, 7, 0, 2, 15.99
1569575244, 0, 74, 133, 132, 5, 0.24%, 7, 0, 3, 18.57
1569575249, 0, 74, 134, 133, 5, 0.24%, 7, 0, 3, 19.09
1569575328, 0, 74, 135, 134, 5, 0.25%, 7, 0, 3, 0.06
1569579496, 0, 74, 135, 134, 5, 0.25%, 8, 0, 3, 17.20
1569579537, 0, 74, 136, 135, 5, 0.25%, 8, 0, 3, 22.11
1569579548, 0, 89, 136, 134, 6, 0.25%, 8, 0, 3, 22.06
1569582987, 0, 93, 136, 133, 6, 0.25%, 8, 0, 3, 19.46
